1.1 1.1 1.5 1.5 1.7 1.7 2.3 2.3 2.3 2.3 3.1 3.1 2.9 2.9 3.9 3.9
1.500 
0.900 1.500
1.200 1.200 2.000 
1.200 1.200 1.600 2.000 
0.216 0.216 0.288 0.288 1.580 
0.216 0.216 0.288 0.288 1.080 1.580 
0.288 0.288 0.384 0.384 1.440 1.440 2.520 
0.288 0.288 0.384 0.384 1.440 1.440 1.920 2.520 
0.252 0.252 0.336 0.336 0.360 0.360 0.480 0.480 1.780 
0.252 0.252 0.336 0.336 0.360 0.360 0.480 0.480 1.080 1.780 
0.336 0.336 0.448 0.448 0.480 0.480 0.640 0.640 1.440 1.440 2.720 
0.336 0.336 0.448 0.448 0.480 0.480 0.640 0.640 1.440 1.440 1.920 2.720 
0.288 0.288 0.384 0.384 0.432 0.432 0.576 0.576 0.576 0.576 0.768 0.768 2.060 
0.288 0.288 0.384 0.384 0.432 0.432 0.576 0.576 0.576 0.576 0.768 0.768 1.260 2.060 
0.384 0.384 0.512 0.512 0.576 0.576 0.768 0.768 0.768 0.768 1.024 1.024 1.680 1.680 2.940 
0.384 0.384 0.512 0.512 0.576 0.576 0.768 0.768 0.768 0.768 1.024 1.024 1.680 1.680 2.240 2.940